MyArrayList data :[5.0 12.0 18.0 10.0 6.0 14.0 15.0 19.0 7.0 4.0 6.0 6.0 17.0 18.0 1.0 15.0 2.0 15.0 5.0 19.0 16.0 8.0 11.0 14.0 18.0 11.0 11.0 17.0 5.0 15.0
Sorted: [
max:19.0
Min: 1.0
Mean :11.333333333333334
Variance :29.688888888888883
Ranks :[0.0, 0.0, 0.0, 0.0, 0.0, 0.0, 0.0, 0.0, 0.0, 0.0, 0.0, 0.0, 0.0, 0.0, 0.0, 0.0, 0.0, 0.0, 0.0, 0.0, 0.0, 0.0, 0.0, 0.0, 0.0, 0.0, 0.0, 0.0, 0.0, 0.0]
Search 10 : index = -1
MyLinkedList data :[2.0 6.0 3.0 17.0 3.0 16.0 6.0 14.0 3.0 7.0 17.0 14.0 3.0 16.0 8.0 11.0 14.0 20.0 16.0 5.0 19.0 11.0 11.0 20.0 1.0 7.0 19.0 2.0 5.0 10.0 16.0 6.0 17.0 15.0 14.0
Sorted: [
max:20.0
Min: 1.0
Mean :10.685714285714285
Variance :35.815510204081626
Ranks :[0.0, 0.0, 0.0, 0.0, 0.0, 0.0, 0.0, 0.0, 0.0, 0.0, 0.0, 0.0, 0.0, 0.0, 0.0, 0.0, 0.0, 0.0, 0.0, 0.0, 0.0, 0.0, 0.0, 0.0, 0.0, 0.0, 0.0, 0.0, 0.0, 0.0, 0.0, 0.0, 0.0, 0.0, 0.0]
Search 10 : index = -1